500
617697040 698184876
542546918 370468858
914986947 55205256
121785282 293302177
54702168 49298432
423020654 537243402
74083551 729193238
654539409 432590323
106375338 582368165
778752970 381300097
419510825 529605868
913573502 714733836
655527175 647082887
457855173 530947182
627696361 46027035
68204675 145645577
526816831 135385230
234361631 223885391
243378765 303517592
946490313 251300456
299392115 329075078
994428115 635571045
251854909 28149098
448449518 216409828
510148019 95998281
121346573 509854602
459506056 360050352
550310590 5485342
436286523 951382975
523387035 472862327
707619183 984133367
410433169 432780413
213272096 313893823
393629323 123877026
89505233 868859903
832551893 843688640
833413111 285794037
212423292 80430524
821564677 510637901
946531889 950068288
49762743 429739621
646288480 198180028
64577293 871304910
330616671 134177902
63131336 984404306
669137648 972057438
106735862 760770583
153537437 375826806
564684387 713217988
593968534 325142876
123397089 613138662
40432053 936665513
482127675 456995366
112556462 389304177
445592202 792645119
145435886 297507488
659382372 16869456
643045938 180846387
795848998 305939064
634959502 711069943
998998218 135880874
767694329 349798099
39386179 538530371
583840133 541293960
579818800 526743286
46798062 348975004
238014043 332948112
664001143 187658714
473995596 72613374
642248516 17981784
217611233 227325384
284304069 147356302
568705917 938101063
632591339 918565117
856944908 647715168
347183705 196422808
388730389 539355521
212729232 572891741
422284680 698125197
687005612 276712737
408858198 525025158
87508177 871099485
965984568 119224828
2403317 383321298
30097680 193033909
266079718 940850566
953353095 629960592
653273228 626722726
714529119 362332203
601179770 910797027
502180167 531317253
612050139 280000237
827295876 552640448
154198033 386540474
447697537 817272112
379941944 8332049
36250838 968418868
437337057 634860159
41412142 229152160
922157243 307285896
3349878 52765074
497792857 601220659
805039872 158135798
144047419 229357667
81146098 170336435
248744788 650458048
202127631 987431504
800625484 127444327
354064533 85403488
857329814 674379369
668327689 243978407
791766098 49610399
578304151 46862729
642854695 261592580
480428423 814954413
288101919 700795489
114941600 235655741
499155691 31535227
170039730 349969725
130925783 884837056
132127911 175692373
71681580 13972287
756493280 279349914
427714028 754863859
456453509 802521873
787799545 103230832
419746998 996976763
521025041 222513393
13549918 893167016
547328576 278899925
307199846 557107528
277505370 845739147
936545908 619410087
217573325 737689275
713512566 249973686
622688842 636517435
125446110 129769766
137517229 145603981
620691437 632891374
311780999 36113285
11070666 381073014
690872716 846620255
67447604 306455162
719084000 399784456
848487370 28773282
994670349 57325520
397323978 90401495
545444739 829506171
839341445 139055813
87297858 483751699
41700745 784735487
352236976 227402625
582493556 384210791
94904649 68026372
650895772 116503958
369897814 54868674
345776058 367441218
569048995 54740646
341493109 398361373
198546437 927846062
75481292 598706108
138149086 441849189
160851391 894883805
129608819 786986069
523063004 469324251
18212898 954460584
709153970 216516134
149349314 498498827
936061636 70185171
72103497 662680365
818684407 701085314
45568150 798175421
751424779 637894418
853100696 462553494
38733290 95821761
656563649 94253651
71142643 693476363
656442444 997623441
297818883 805052265
11919880 621427183
113672514 26458740
162911445 10989384
14966440 285353575
606534468 67398208
476256590 772938955
656419176 813579587
803721454 474320942
452757724 964489141
962408425 351552965
823153052 643674184
356863743 680064302
932737574 37249959
580776339 794737152
946496165 142633598
89588237 323445906
874214779 992144720
558751857 143939109
556475144 386445717
2600285 546278827
608616236 341429563
123322329 149625920
852448575 239774082
996636174 884691590
982248143 730706684
321222567 13778205
789524400 28097759
585594945 176669608
463684696 723492481
685702047 197037321
979432145 853889954
842710818 579027933
119543499 270360942
673916914 692802514
275501958 386648368
113588348 113869494
982596531 143612859
722663757 789723308
76177221 410282929
55180380 851177997
5501037 114115232
231790647 170051665
905066339 616249644
787098999 273593867
529617636 111358278
578778512 576997115
347323725 609276723
911837759 813893715
788303456 982528421
146371736 639447840
191660486 805279474
890159318 536555818
402761145 131070443
375675451 375365971
616386552 940628108
509468783 417497064
837041671 786954772
144537972 31630997
632162473 153065196
674301838 719769241
386233130 724617870
65740725 890732289
222039758 288595992
414745812 693905894
640140442 740298996
832441895 787930832
369309216 545215254
913014001 255640186
222790227 371331662
176726824 70808939
172859107 490598730
303117471 457086185
491467748 669296046
132263908 106888883
978089461 555215014
682277277 618986400
686600504 57997169
386783995 38566268
436166654 291249761
712463386 796274602
16614551 653824897
954183952 709272309
850934638 564838687
11570794 196789722
113003046 659611946
580352380 904687758
902911140 108063472
244570314 209550234
37584952 330079240
691509673 21559741
577297485 100675021
620925883 278258002
255818220 274545440
490319518 698347259
917212930 753058116
172101966 4736894
742022869 533782926
43405535 958327115
476452499 918097871
593875974 562465534
135199038 252516334
614322260 960315885
334950115 951927212
287465128 735667387
91379302 947061459
906111621 211456464
656316435 234295247
108169503 233654753
80805080 881297850
778234785 616604459
308023763 519778665
749508431 996593356
165049464 584936365
638312361 435017756
102052476 942470529
262783825 381351737
80402883 2497321
170267948 38146004
608219125 316657349
595570571 333291324
989914286 933574687
74222621 564554012
876510432 920479045
812078099 338016402
740383871 904430951
674701763 791836353
230386184 980540719
158340349 493990204
321562520 432400982
71604798 663959438
634206426 939023493
103486820 634191442
894208827 877176877
236518278 170450943
25797097 927579426
36580981 74681328
38613042 222297272
321666496 32441967
584254803 275223131
788348851 952503608
30513043 731588909
116392613 511115
586315567 196240258
822601255 752535171
327405008 635827614
269042798 142190823
237803400 87638505
559533465 248039236
529663819 740072312
170047554 835972762
1670385 156856478
324374071 86993336
808101386 866372646
978896434 233108343
634710445 820136238
125183745 576694996
712060633 469655872
503821173 987396262
562818259 413975750
990880811 791069764
438248165 915466786
322903319 344889658
502101947 364157360
857317342 464762465
657686888 438157279
180924362 751869754
881159724 604234750
70743428 864794308
428594854 733542334
89856952 130728773
868657280 722034426
595470357 796478273
144745754 435877199
721346870 131639969
357764345 784096587
351662911 316510405
66344988 309162295
120711744 16175343
69012051 830312127
500142055 429485799
468247998 109497903
85237083 794001782
117529388 424430648
612692443 130763908
666192647 513044443
591093990 257322102
927970097 12653890
73031371 225073154
878758683 845106534
41637452 513948614
755110458 660580677
681945121 331407802
545814737 251106547
542352268 393953602
279066885 965812919
736308801 134206165
183642508 545614411
386216181 439756027
133794587 270228494
949852094 563673832
115710701 70012944
472451602 39993627
596447828 837942772
106395172 477244694
993112285 995252705
462069646 703655964
153326113 119071632
368100370 555493355
65387170 243500698
559866945 203365233
312971848 723359605
392917340 42480627
800288957 559380910
624509576 379844137
364489800 356690550
64176845 21899824
850621525 597315790
747899646 520526203
428477715 912270808
649697317 301423596
112437893 105525132
325341452 313380274
145324446 217513986
740378702 24576990
541572478 965903532
904736423 366318726
30678774 808019688
493274360 175274294
280457346 67475898
781992420 139645072
608060705 949059703
130860177 343723505
229921299 964174534
117259517 976654623
416717934 627105643
707764197 480921440
865661613 765983038
859922742 949542256
5698929 85581007
131881509 122359831
5307563 157365008
74281771 204182993
24678639 309524996
981197932 466701005
233495385 697274398
65507279 114689014
285410133 202599705
331644634 24261445
326153535 77157373
289785573 726175787
686869402 489419983
612248043 104184049
822122432 501913020
336344918 772061116
934964632 812708119
189344307 531964667
755719002 150961450
823864815 514351621
85998166 907643303
184632074 790359575
387003524 433222877
207313603 894211959
722794979 493182746
783001443 918425457
11668004 121588054
273458475 194546517
66162257 178464603
212889534 326625230
622022072 374553702
849483351 795378195
983087631 807595971
168818751 303812142
247519800 389437555
894297670 15856109
998613507 112494038
694649078 38910626
574319197 791217555
567666433 292857582
24844944 957129484
822704752 344525603
825880503 386786554
81575381 735823453
419413270 37482630
550815611 548933632
337788706 415485915
247915133 591348345
237299293 412068166
142371228 122386588
247991040 512612225
916740652 257932711
453057325 350410785
953886615 6896644
740740542 663570929
754008026 311875229
826858317 434015854
295471091 417767
371920800 340950955
876313683 761202249
966096958 67701333
837437662 999924568
672659795 832218529
328785764 219873589
389015608 245085382
69342100 142016151
11101234 540324321
669986725 3087626
940063004 394679021
586282136 988870510
570700631 103520909
207125265 876298840
511735948 74054995
249252546 239907097
291757054 648602249
223968543 493430782
656775201 147819399
555021186 719577375
102003493 680739739
547388998 939907410
134115732 372745215
311991978 287070044
537941540 70270682
